# x y Cp
1.949636505636280492e-03 6.860342022813594939e-03 1.090871758345222986e+00
4.502272027162900273e-03 1.111025844141025343e-02 9.228558782588084375e-01
7.829568941174478922e-03 1.481372694643280988e-02 7.083891344571586757e-01
1.163319091916166850e-02 1.804230517227202457e-02 5.383814309690765354e-01
1.573599464271559917e-02 2.088959247475297848e-02 4.003454502640244606e-01
2.003636678648318403e-02 2.343333384570871203e-02 2.922760213309626431e-01
2.447396358952299428e-02 2.573202336986882971e-02 2.086679665877527456e-01
2.901111379099773069e-02 2.782904628569464467e-02 1.398068087361810929e-01
3.362313088433596664e-02 2.975693111516727885e-02 8.268023252448809812e-02
3.829311939325592828e-02 3.154051380456661391e-02 3.382501767593935199e-02
4.300912900019208257e-02 3.319914489513259293e-02 -4.421331118048542862e-03
4.776240665549669889e-02 3.474816634756011657e-02 -3.727957219046110909e-02
5.254635736273758490e-02 3.619994996984672586e-02 -7.111227262778586911e-02
5.735593847298569442e-02 3.756463385376276887e-02 -1.039203311006458991e-01
6.218719842150511462e-02 3.885063693571763621e-02 -1.223844476825486777e-01
6.703698950180918270e-02 4.006503542831624937e-02 -1.428239409280259997e-01
7.190276490806372933e-02 4.121383599811341558e-02 -1.627478441079438232e-01
7.678243591790875899e-02 4.230219907481863606e-02 -1.817696785888340827e-01
8.167427467253440820e-02 4.333458712706636518e-02 -1.968494628012733005e-01
8.657683073103462912e-02 4.431489183855658737e-02 -2.115332746666340469e-01
9.148887414291631548e-02 4.524654101887134322e-02 -2.252815585215623695e-01
9.640936185645629375e-02 4.613256115798093637e-02 -2.414238468518042358e-01
1.013373948638053995e-01 4.697564499237706637e-02 -2.527543047714804203e-01
1.062721953991216106e-01 4.777821187497269945e-02 -2.612639105045190813e-01
1.112130856009093949e-01 4.854243229672826343e-02 -2.706273991298215331e-01
1.161594711136391400e-01 4.927026414085274031e-02 -2.798825479775164937e-01
1.211108291855318986e-01 4.996349495370758925e-02 -2.915073443495167504e-01
1.260666954964047570e-01 5.062375358614608356e-02 -2.993153409455581726e-01
1.310266580514289625e-01 5.125252141865180300e-02 -3.078182147392495849e-01
1.359903488333351063e-01 5.185116561653829725e-02 -3.144946336952613719e-01
1.409574383089507998e-01 5.242095300422939391e-02 -3.214228056613459561e-01
1.459276282107164202e-01 5.296304593717401921e-02 -3.291527739216839055e-01
1.509006511625637370e-01 5.347851916363106223e-02 -3.340673656033680272e-01
1.558762641521826420e-01 5.396838111409064248e-02 -3.408585077009959052e-01
1.608542450535777046e-01 5.443357339607286793e-02 -3.465255038943476640e-01
1.658343945785803464e-01 5.487496685289139364e-02 -3.523118784055933039e-01
1.708165288805135462e-01 5.529337744299447910e-02 -3.562892124705975827e-01
1.758004796871155961e-01 5.568958009888012872e-02 -3.616293734185214714e-01
1.807860923946428000e-01 5.606430309762738817e-02 -3.659308984327181435e-01
1.857732257174832535e-01 5.641822446015288400e-02 -3.702403677939803961e-01
1.907617498280993473e-01 5.675198533833485104e-02 -3.747660219845411755e-01
1.957515440852299060e-01 5.706620054184316504e-02 -3.789274121813151486e-01
2.007424970465899461e-01 5.736145230470955647e-02 -3.808554111429131028e-01
2.057345060555717531e-01 5.763828568089425508e-02 -3.839145546114859364e-01
2.107274761467579915e-01 5.789721788837193239e-02 -3.873270603993161920e-01
2.157213193498171977e-01 5.813874887340876596e-02 -3.903873818285996111e-01
2.207159526628848512e-01 5.836335694087697867e-02 -3.937578766739650571e-01
2.257112993108998933e-01 5.857149231807043388e-02 -3.959553949237876180e-01
2.307072896096348524e-01 5.876358172396747848e-02 -3.991057434575676077e-01
2.357038566932053991e-01 5.894003904920344650e-02 -4.010361911042338301e-01
2.407009386576683951e-01 5.910126545859731989e-02 -4.030443246656362777e-01
2.456984786689687117e-01 5.924764149754795789e-02 -4.048874259098218520e-01
2.506964221895974787e-01 5.937952722872946731e-02 -4.069232383635684180e-01
2.556947191847204759e-01 5.949727026411707337e-02 -4.083111046282099088e-01
2.606933224483456990e-01 5.960121101314148906e-02 -4.106925569512784313e-01
2.656921877767008944e-01 5.969167696360862252e-02 -4.117865829395817023e-01
2.706912746691353955e-01 5.976897888469126507e-02 -4.128282146571796152e-01
2.756905441848854776e-01 5.983341355547623641e-02 -4.143546662528830860e-01
2.806899602006980299e-01 5.988527149934103760e-02 -4.154844358154728412e-01
2.856894887437768649e-01 5.992483734596117106e-02 -4.170240479830450986e-01
2.906890984974663805e-01 5.995238358110412114e-02 -4.183229081968753982e-01
2.956887594329590252e-01 5.996816974249985499e-02 -4.191051887223170569e-01
3.006884434443650167e-01 5.997244615880907570e-02 -4.191759718252758282e-01
3.056881242656633857e-01 5.996545961540010461e-02 -4.213925674839569258e-01
3.106877779351577828e-01 5.994745125095309046e-02 -4.219923022073616692e-01
3.156873814715945858e-01 5.991865191222887910e-02 -4.218619287801524953e-01
3.206869128497147337e-01 5.987928234377730419e-02 -4.221269681956705266e-01
3.256863519868941625e-01 5.982955698946506445e-02 -4.227020218723616107e-01
3.306856800850935807e-01 5.976968788294451107e-02 -4.237762721835947044e-01
3.356848795721366630e-01 5.969988188003247376e-02 -4.238569709364751192e-01
3.406839335592756202e-01 5.962033741952793564e-02 -4.237150616654239421e-01
3.456828268683526106e-01 5.953124490231868904e-02 -4.234826588842606210e-01
3.506815448248199463e-01 5.943278999341186641e-02 -4.236879344125319968e-01
3.556800733872880205e-01 5.932515647638292311e-02 -4.237880816312453724e-01
3.606784000564712267e-01 5.920852368286526335e-02 -4.234084388829432166e-01
3.656765133793370426e-01 5.908306409974924123e-02 -4.233179652708574103e-01
3.706744018374454885e-01 5.894894372216381850e-02 -4.226409627143236092e-01
3.756720548861213205e-01 5.880632455769121969e-02 -4.222659053933190410e-01
3.806694630904505772e-01 5.865536694101263632e-02 -4.215355975992758353e-01
3.856666178326720873e-01 5.849622760040963654e-02 -4.210849886453866819e-01
3.906635102762185952e-01 5.832905773617043377e-02 -4.211022852051777288e-01
3.956601326113727835e-01 5.815400318284578984e-02 -4.206110105547717914e-01
4.006564780717998264e-01 5.797120612753065005e-02 -4.201045681631934703e-01
4.056525397196931726e-01 5.778080715558422953e-02 -4.190756124309895081e-01
4.106483112604708552e-01 5.758294401706829518e-02 -4.183042860922479567e-01
4.156437869822619535e-01 5.737774995453504001e-02 -4.181298708124853158e-01
4.206389616703017920e-01 5.716535379285631047e-02 -4.181307489149868051e-01
4.256338305721875104e-01 5.694588094076014073e-02 -4.175341115748662513e-01
4.306283893943486651e-01 5.671945506439212553e-02 -4.168836826029263531e-01
4.356226337334294652e-01 5.648619760184710181e-02 -4.159538904628465872e-01
4.406165600144849037e-01 5.624622634145760858e-02 -4.156062867639610525e-01
4.456101648736701115e-01 5.599965543883282659e-02 -4.152866770872384317e-01
4.506034450795516344e-01 5.574659590075713156e-02 -4.146067812564098176e-01
4.555963980721009499e-01 5.548715678210588975e-02 -4.140597650251823247e-01
4.605890211379606303e-01 5.522144522909716580e-02 -4.135507938200578826e-01
4.655813121238819852e-01 5.494956547110647904e-02 -4.127274359556796779e-01
4.705732691200354423e-01 5.467161873728679233e-02 -4.123006887193854109e-01
4.755648902785182264e-01 5.438770347318455656e-02 -4.119084015399509524e-01
4.805561739890540363e-01 5.409791601834026964e-02 -4.113229126419512549e-01
4.855471188911698599e-01 5.380235084402235080e-02 -4.105006735368318949e-01
4.905377238657233629e-01 5.350110007367613746e-02 -4.095175389768747065e-01
4.955279879491842898e-01 5.319425335661250032e-02 -4.089017945134133525e-01
5.005179102984483874e-01 5.288189797239247619e-02 -4.083177749473066442e-01
5.055074902260124903e-01 5.256411905942848933e-02 -4.077419237732876622e-01
5.104967271964306885e-01 5.224099979854451847e-02 -4.073045201943281679e-01
5.154856208085549785e-01 5.191262135637302738e-02 -4.063908235983670902e-01
5.204741707796221029e-01 5.157906285633496318e-02 -4.057468985555762742e-01
5.254623769356854268e-01 5.124040144926494955e-02 -4.051213503221045564e-01
5.304502391950594031e-01 5.089671228568657529e-02 -4.037547909443567340e-01
5.354377576329508726e-01 5.054806843817415130e-02 -4.035433170040357287e-01
5.404249323856075149e-01 5.019454106459740605e-02 -4.027034600010965804e-01
5.454117635585432611e-01 4.983619962295275652e-02 -4.023070250534037107e-01
5.503982513262455356e-01 4.947311193571181376e-02 -4.015283184599520161e-01
5.553843961588331712e-01 4.910534407052095235e-02 -4.005010913607091605e-01
5.603701984651070500e-01 4.873295998704429977e-02 -3.998822384423713627e-01
5.653556584417958053e-01 4.835602168912506160e-02 -3.985225195046719349e-01
5.703407766832585546e-01 4.797458966527400753e-02 -3.984959789229059468e-01
5.753255537046144674e-01 4.758872304603557757e-02 -3.976474824730120705e-01
5.803099897926584649e-01 4.719847953305311705e-02 -3.970001121936970745e-01
5.852940858159280113e-01 4.680391473699402338e-02 -3.961203972500402237e-01
5.902778423473231673e-01 4.640508221632125979e-02 -3.956301121196613146e-01
5.952612596320796534e-01 4.600203416175925597e-02 -3.946888850794662007e-01
6.002443382988267295e-01 4.559482157768360994e-02 -3.935505898901274224e-01
6.052270789064714274e-01 4.518349426755699505e-02 -3.937049008420410723e-01
6.102094821976358219e-01 4.476810012414134815e-02 -3.931037914064717254e-01
6.151915488158137268e-01 4.434868491149265846e-02 -3.923577082174153352e-01
6.201732789219404074e-01 4.392529304476014418e-02 -3.918377139139467280e-01
6.251546730815180641e-01 4.349796790114714151e-02 -3.912960746818630597e-01
6.301357321531259048e-01 4.306675179905693207e-02 -3.908254211632769537e-01
6.351164564340445740e-01 4.263168537518151335e-02 -3.903272433809746866e-01
6.400968461021090405e-01 4.219280714826824374e-02 -3.899712402188961757e-01
6.450769016288528945e-01 4.175015421110419428e-02 -3.896248084286807467e-01
6.500566237232812128e-01 4.130376273012047877e-02 -3.892543676003684672e-01
6.550360124643844761e-01 4.085366800129903303e-02 -3.886658760092687181e-01
6.600150678124490078e-01 4.039990372494155907e-02 -3.882719289679463226e-01
6.649937903996953059e-01 3.994250148326625172e-02 -3.879663526966006803e-01
6.699721805692659959e-01 3.948149151648766564e-02 -3.875056272201377050e-01
6.749502379111109729e-01 3.901690328532108482e-02 -3.871958465434108820e-01
6.799279626820142752e-01 3.854876530376251387e-02 -3.868139656969599161e-01
6.849053550259078804e-01 3.807710454588991017e-02 -3.863583776816006954e-01
6.898824145325098689e-01 3.760194610709227669e-02 -3.858942487597285531e-01
6.948591408343152143e-01 3.712331381096065086e-02 -3.853321933736382210e-01
6.998355343717507226e-01 3.664123056948664914e-02 -3.846559816732464943e-01
7.048115949233672017e-01 3.615571844693171721e-02 -3.838771788858589828e-01
7.097873213162274597e-01 3.566679805501030143e-02 -3.829630120473870303e-01
7.147627134268392801e-01 3.517448815985843580e-02 -3.809291808592999984e-01
7.197377705453353869e-01 3.467880645807326634e-02 -3.777441399689287493e-01
7.247124924909760235e-01 3.417976973188205370e-02 -3.715362193998063001e-01
7.296868788880623846e-01 3.367739376600832613e-02 -3.597667957054152543e-01
7.346609281718994300e-01 3.317169294689022163e-02 -3.391353132101929124e-01
7.396346394036570349e-01 3.266268010803204114e-02 -3.031713769232286526e-01
7.446080113052941929e-01 3.215036709566243545e-02 -2.604316972258490792e-01
7.495810433170404519e-01 3.163476473171214498e-02 -2.210838191381458429e-01
7.545537349428887985e-01 3.111588267891085904e-02 -1.963448356423695418e-01
7.595260837829449496e-01 3.059372942084498392e-02 -1.775112966627772904e-01
7.644980885747565402e-01 3.006831208964231422e-02 -1.635176757268447523e-01
7.694697486101818029e-01 2.953963670279230458e-02 -1.538540807641069763e-01
7.744410615364585304e-01 2.900770836582991508e-02 -1.461566788798079608e-01
7.794120254931395930e-01 2.847253100030882472e-02 -1.391045721474657992e-01
7.843826390165029583e-01 2.793410733184218536e-02 -1.319006855310070059e-01
7.893528992937091093e-01 2.739243905752006270e-02 -1.252699206848631175e-01
7.943228052409807560e-01 2.684752647413184493e-02 -1.185424497475495442e-01
7.992923547496102454e-01 2.629936894933647407e-02 -1.122982540826863718e-01
8.042615451030918905e-01 2.574796500203833591e-02 -1.055755083153541440e-01
8.092303740559609881e-01 2.519331194126761542e-02 -9.874877354625193060e-02
8.141988379447473445e-01 2.463540585162125526e-02 -9.193636393485872527e-02
8.191669354026032135e-01 2.407424147018677463e-02 -8.526700904476906817e-02
8.241346636412518745e-01 2.350981300739135582e-02 -7.859101408143608081e-02
8.291020185431108303e-01 2.294211377421172260e-02 -7.201712059270308497e-02
8.340689968698002943e-01 2.237113542980983041e-02 -6.494255512702779010e-02
8.390355968886034077e-01 2.179686833489253087e-02 -5.778610745015357042e-02
8.440018143228011915e-01 2.121930264930189589e-02 -5.096852868012659993e-02
8.489676456416579420e-01 2.063842742807839303e-02 -4.394569458061845652e-02
8.539330877829636179e-01 2.005422995698959154e-02 -3.712403103320916636e-02
8.588981355828395614e-01 1.946669679148570892e-02 -3.002587812404623052e-02
8.638627860343182086e-01 1.887581387383398257e-02 -2.263700315860011844e-02
8.688270351806279823e-01 1.828156602482665025e-02 -1.507924665698177555e-02
8.737908782805682284e-01 1.768393642487504913e-02 -7.423954228155322729e-03
8.787543099678800651e-01 1.708290774864008529e-02 1.829682147291844258e-04
8.837173271289242571e-01 1.647846191535037516e-02 8.715778965386401442e-03
8.886799251953692025e-01 1.587057933440952015e-02 1.670940599508042787e-02
8.936420981802004615e-01 1.525923939780541964e-02 2.452598325536486587e-02
8.986038409936976112e-01 1.464442102533202589e-02 3.300445635340646527e-02
9.035651489976519457e-01 1.402610193309828529e-02 4.137422660615355102e-02
9.085260171803013485e-01 1.340425841032547548e-02 5.025616800277409729e-02
9.134864385842303980e-01 1.277886635077058949e-02 5.988899196911581790e-02
9.184464083645325072e-01 1.214990057637212878e-02 6.894075045508414601e-02
9.234059198590662820e-01 1.151733481122377972e-02 7.854511215354373355e-02
9.283649675980869542e-01 1.088114159745344131e-02 8.847920145646849532e-02
9.333235456442160460e-01 1.024129297906332947e-02 9.896329555150842894e-02
9.382816454101645665e-01 9.597760095541980896e-03 1.096143138688630558e-01
9.432392617393394740e-01 8.950512343221288941e-03 1.214735046380202993e-01
9.481963885209766518e-01 8.299519177715111717e-03 1.340773561382100354e-01
9.531530183877087170e-01 7.644748216301920640e-03 1.457930274754093702e-01
9.581091423075565050e-01 6.986167155350594959e-03 1.594779974726477367e-01
9.630647541533488010e-01 6.323741812839581145e-03 1.739577496035048521e-01
9.680198501410670620e-01 5.657437184930058649e-03 1.892485508567985364e-01
9.729744169326267622e-01 4.987218021720116884e-03 2.057108474994250313e-01
9.779284429671524226e-01 4.313048503050396359e-03 2.241118437738085223e-01
9.828819261509814664e-01 3.634891227942686764e-03 2.444224283336900450e-01
9.878348577253547314e-01 2.952706199180598051e-03 2.660542238999120679e-01
9.927872234741927926e-01 2.266455879032050827e-03 2.861418095074937940e-01
9.974961194028106881e-01 1.128873595710224061e-03 2.743198666005110531e-01
9.978319069203682723e-01 -7.466031932519328826e-04 2.171053734628502485e-01
9.934588343055761328e-01 -2.173069405652810950e-03 2.529994457537581010e-01
9.885065435410957946e-01 -2.859874689164463007e-03 2.340001920574811545e-01
9.835536868234022734e-01 -3.542608428832785296e-03 2.149573269463629921e-01
9.786002761377459169e-01 -4.221309894752150321e-03 1.968638370581715924e-01
9.736463216768678208e-01 -4.896018588033825003e-03 1.794274086747864039e-01
9.686918279371821150e-01 -5.566771150666920652e-03 1.634919339631734081e-01
9.637368071257779167e-01 -6.233604034927179433e-03 1.485222325359674134e-01
9.587812656332084238e-01 -6.896553379600165248e-03 1.342301910794644892e-01
9.538252105214547472e-01 -7.555653788660318324e-03 1.202746962389030366e-01
9.488686499756857629e-01 -8.210939466133420489e-03 1.079030882664265972e-01
9.439115896310037446e-01 -8.862443116683903221e-03 9.666851393169416384e-02
9.389540384783380267e-01 -9.510197123554702675e-03 8.482594596942552578e-02
9.339960039635000211e-01 -1.015423202425661496e-02 7.361176783416965852e-02
9.290374911275178782e-01 -1.079457847078563529e-02 6.337336160382038563e-02
9.240785066337927622e-01 -1.143126580501379469e-02 5.310491336605153295e-02
9.191190572955325599e-01 -1.206432196209592488e-02 4.353965617972243435e-02
9.141591492179461653e-01 -1.269377441626396048e-02 3.403988673013266103e-02
9.091987879402563255e-01 -1.331964975282587393e-02 2.492953319885200456e-02
9.042379800090938335e-01 -1.394197310568801376e-02 1.606834463033883151e-02
8.992767315984151466e-01 -1.456076875161625012e-02 7.085066355060063922e-03
8.943150479191066538e-01 -1.517606049878073016e-02 -1.183714119068826403e-03
8.893529326527491730e-01 -1.578787098510272061e-02 -1.061028371842458011e-02
8.843903915363926505e-01 -1.639622128725812950e-02 -1.885572920660681315e-02
8.794274315400885111e-01 -1.700113195652120518e-02 -2.702435079235120802e-02
8.744640555536837834e-01 -1.760262303149298657e-02 -3.489588699124301224e-02
8.695002679118253308e-01 -1.820071260536566121e-02 -4.269866246059093179e-02
8.645360742043295410e-01 -1.879541800755586342e-02 -5.039192385354780007e-02
8.595714775764279336e-01 -1.938675639733256420e-02 -5.858118784313885719e-02
8.546064831854054411e-01 -1.997474306654806533e-02 -6.595925419580100924e-02
8.496410948434875987e-01 -2.055939206432406616e-02 -7.345198005260371310e-02
8.446753160191815546e-01 -2.114071708752906023e-02 -8.121500986115191834e-02
8.397091511329606295e-01 -2.171873089808753002e-02 -8.828913855516011544e-02
8.347426026674931165e-01 -2.229344477816436881e-02 -9.538567217338352056e-02
8.297756745093145536e-01 -2.286486869360645352e-02 -1.025546229924248348e-01
8.248083706579500962e-01 -2.343301210456277817e-02 -1.097747487150357582e-01
8.198406934819366665e-01 -2.399788365647893135e-02 -1.172546959253596421e-01
8.148726460973663155e-01 -2.455949034807937414e-02 -1.239957254799462366e-01
8.099042315436746353e-01 -2.511783804304070639e-02 -1.306544340279560956e-01
8.049354518044447016e-01 -2.567293203673819482e-02 -1.384747265567510821e-01
7.999663100464607934e-01 -2.622477648121816773e-02 -1.453358728007433653e-01
7.949968094245420946e-01 -2.677337414935185289e-02 -1.525229068285914313e-01
7.900269516510893819e-01 -2.731872676746171028e-02 -1.598892239211724131e-01
7.850567384430763296e-01 -2.786083513446804827e-02 -1.671158088517247786e-01
7.800861730634556235e-01 -2.839969887410284666e-02 -1.749106581883187461e-01
7.751152569193942021e-01 -2.893531660512325965e-02 -1.829244939563441363e-01
7.701439914887791005e-01 -2.946768575882459038e-02 -1.929422891599502365e-01
7.651723789339187620e-01 -2.999680253612321476e-02 -2.097108686033285763e-01
7.602004206463270908e-01 -3.052266208496839592e-02 -2.337746123279328958e-01
7.552281181893254480e-01 -3.104525844140613305e-02 -2.705940077103941022e-01
7.502554731276763755e-01 -3.156458458792640864e-02 -3.229567970957267775e-01
7.452824869906079508e-01 -3.208063231512497948e-02 -3.818640608901822109e-01
7.403091607888665493e-01 -3.259339208827494172e-02 -4.291535415735177050e-01
7.353354954921420550e-01 -3.310285317986998155e-02 -4.593036803314669014e-01
7.303614919924222848e-01 -3.360900391057804193e-02 -4.702823602150136284e-01
7.253871512768750307e-01 -3.411183160335662379e-02 -4.767011432365237944e-01
7.204124747617304259e-01 -3.461132210675356424e-02 -4.787286911527083855e-01
7.154374631645281646e-01 -3.510745978263116185e-02 -4.799347822520629303e-01
7.104621164602075156e-01 -3.560022798755527185e-02 -4.805856217555851684e-01
7.054864353128726950e-01 -3.608960914675166110e-02 -4.809957872104748677e-01
7.005104202605594299e-01 -3.657558465117292934e-02 -4.811206518301048840e-01
6.955340718521072496e-01 -3.705813419633061101e-02 -4.816697586184251478e-01
6.905573902595468772e-01 -3.753723588624803542e-02 -4.819991864172273877e-01
6.855803757919416430e-01 -3.801286684841809205e-02 -4.824063698374957410e-01
6.806030289326978622e-01 -3.848500336686599271e-02 -4.826636190468312493e-01
6.756253490624284375e-01 -3.895362067143662982e-02 -4.831279332826880490e-01
6.706473367764498317e-01 -3.941869198364363058e-02 -4.835499390255108554e-01
6.656689922720377961e-01 -3.988018890113065318e-02 -4.840041611561272661e-01
6.606903146563951612e-01 -4.033808219706387643e-02 -4.846618798210406975e-01
6.557113040837054818e-01 -4.079234170743294141e-02 -4.850107952820602031e-01
6.507319607460082533e-01 -4.124293602158975169e-02 -4.854602285540884909e-01
6.457522841343692477e-01 -4.168983176822478598e-02 -4.866000676471585185e-01
6.407722735871083097e-01 -4.213299386175163586e-02 -4.872823121259482471e-01
6.357919290551657943e-01 -4.257238619653766487e-02 -4.881627236615757037e-01
6.308112503651890357e-01 -4.300797178328829434e-02 -4.892246996479220345e-01
6.258302369654185071e-01 -4.343971238782147470e-02 -4.898672832225540730e-01
6.208488879737472654e-01 -4.386756771582367431e-02 -4.903145030898249379e-01
6.158672034252239413e-01 -4.429149554769669372e-02 -4.912233182824738975e-01
6.108851827764858466e-01 -4.471145263790513719e-02 -4.918548840770645136e-01
6.059028249373729080e-01 -4.512739478962657369e-02 -4.931831408617254886e-01
6.009201298864925711e-01 -4.553927643113452051e-02 -4.940686336001180456e-01
5.959370970989071870e-01 -4.594704995293149435e-02 -4.950854787463833673e-01
5.909537258364485623e-01 -4.635066577091158380e-02 -4.960807422584699866e-01
5.859700156244613822e-01 -4.675007302254557962e-02 -4.967943998291676766e-01
5.809859658137975780e-01 -4.714521970829267661e-02 -4.970329239535025145e-01
5.760015756522742780e-01 -4.753605251428320855e-02 -4.977727728303913968e-01
5.710168449194837903e-01 -4.792251608018689019e-02 -4.988098087522373492e-01
5.660317730214154963e-01 -4.830455296854911651e-02 -4.994252812713386169e-01
5.610463593838244112e-01 -4.868210423521148605e-02 -5.000505678309062896e-01
5.560606036004582808e-01 -4.905510956484292195e-02 -5.010884324626918573e-01
5.510745051850665099e-01 -4.942350719907112611e-02 -5.020739608460204062e-01
5.460880639508448597e-01 -4.978723345211681639e-02 -5.029939100314662070e-01
5.411012794288383443e-01 -5.014622252684329540e-02 -5.039278477557420644e-01
5.361141513038767403e-01 -5.050040682948085669e-02 -5.047794987069974537e-01
5.311266794283137083e-01 -5.084971712943782418e-02 -5.056250110834981104e-01
5.261388637569952564e-01 -5.119408250112379710e-02 -5.060834289142941422e-01
5.211507042555405533e-01 -5.153343014281813739e-02 -5.078862712442260285e-01
5.161622009224551277e-01 -5.186768519023603197e-02 -5.091585680099731670e-01
5.111733539114968750e-01 -5.219677075782312714e-02 -5.103166718660379075e-01
5.061841634915551502e-01 -5.252060799364213772e-02 -5.112006714528197771e-01
5.011946300478291594e-01 -5.283911601106661138e-02 -5.128421945175711816e-01
4.962047540962781778e-01 -5.315221189471281554e-02 -5.144667051410887204e-01
4.912145363025920974e-01 -5.345981077688348460e-02 -5.157920507374214036e-01
4.862239774875602993e-01 -5.376182568606245604e-02 -5.172881170911656223e-01
4.812330786282090767e-01 -5.405816729924230180e-02 -5.187998563601025070e-01
4.762418408574340400e-01 -5.434874383172369483e-02 -5.211198779514500945e-01
4.712502654102594946e-01 -5.463346110189852556e-02 -5.223561908114299213e-01
4.662583538188520560e-01 -5.491222302004399036e-02 -5.230944511448126777e-01
4.612661079486634064e-01 -5.518493146926932436e-02 -5.242483543538219992e-01
4.562735298509932313e-01 -5.545148560897067425e-02 -5.272288696185489787e-01
4.512806215182031955e-01 -5.571178163050430343e-02 -5.283244725155263888e-01
4.462873854011770169e-01 -5.596571274662683060e-02 -5.295373551159164860e-01
4.412938244216415007e-01 -5.621317010758279664e-02 -5.306471855919764335e-01
4.362999415233714262e-01 -5.645404304130013234e-02 -5.314755998722403563e-01
4.313057400562140820e-01 -5.668821787110812915e-02 -5.325882725038910692e-01
4.263112238766175732e-01 -5.691557729584095088e-02 -5.343177182963539940e-01
4.213163967967926693e-01 -5.713600034941805628e-02 -5.362503618356820878e-01
4.163212630409237613e-01 -5.734936358636066878e-02 -5.377531365654989459e-01
4.113258276671752367e-01 -5.755554187911840480e-02 -5.415337178721327804e-01
4.063300959617768826e-01 -5.775440696425468423e-02 -5.437690164933598469e-01
4.013340736168315992e-01 -5.794582620992573541e-02 -5.467726299958028946e-01
3.963377664204688067e-01 -5.812966245704510870e-02 -5.497024993165516848e-01
3.913411809310096690e-01 -5.830577537267399302e-02 -5.506688118040790059e-01
3.863443246746201543e-01 -5.847402301344552245e-02 -5.535340105378044884e-01
3.813472053256946603e-01 -5.863426020420273166e-02 -5.556844021051220439e-01
3.763498308573832718e-01 -5.878633651575293495e-02 -5.560342332849621538e-01
3.713522102227506672e-01 -5.893009592982449002e-02 -5.561461128108928786e-01
3.663543532276795078e-01 -5.906537838695373466e-02 -5.570586571928287656e-01
3.613562700706092201e-01 -5.919202215570812387e-02 -5.584791748965248770e-01
3.563579714022718781e-01 -5.930986202759762349e-02 -5.588603459757512937e-01
3.513594693349189058e-01 -5.941872641379254694e-02 -5.596235495574845009e-01
3.463607768258807895e-01 -5.951843686593401295e-02 -5.602949660962214251e-01
3.413619067630835335e-01 -5.960880996769083590e-02 -5.608269640018640478e-01
3.363628732796640763e-01 -5.968966036230075739e-02 -5.613713058514171461e-01
3.313636922003327379e-01 -5.976079857133703710e-02 -5.617886207007475319e-01
3.263643803480670846e-01 -5.982202728714033912e-02 -5.616968760358278523e-01
3.213649552076677796e-01 -5.987314073921728291e-02 -5.633595205744595935e-01
3.163654351556774991e-01 -5.991392729375724646e-02 -5.635461569874716803e-01
3.113658401251802044e-01 -5.994417292217880944e-02 -5.634598748845246474e-01
3.063661920255634774e-01 -5.996365808312254658e-02 -5.638990162740851186e-01
3.013665136760200758e-01 -5.997215335238415684e-02 -5.637373003437320396e-01
2.963668286576542910e-01 -5.996941884724105165e-02 -5.647335510687238047e-01
2.913671628395514412e-01 -5.995520823910214375e-02 -5.653149489418594076e-01
2.863675445779037543e-01 -5.992927187262613031e-02 -5.654501235523414771e-01
2.813680032622644100e-01 -5.989135183212140889e-02 -5.638168903864002601e-01
2.763685700015999780e-01 -5.984117743922293120e-02 -5.643803260120947574e-01
2.713692785971391075e-01 -5.977846539035248929e-02 -5.643582202143815341e-01
2.663701648557627588e-01 -5.970292575166488702e-02 -5.634075243006765321e-01
2.613712668453841426e-01 -5.961426298934216494e-02 -5.640031565598504493e-01
2.563726253555104195e-01 -5.951216854064834971e-02 -5.629836479964236418e-01
2.513742840874964579e-01 -5.939631718274322736e-02 -5.632967362461659411e-01
2.463762902344936445e-01 -5.926636974766336108e-02 -5.633177013790998666e-01
2.413786932535881002e-01 -5.912197964272826456e-02 -5.636843878448565270e-01
2.363815452208272994e-01 -5.896278908236128602e-02 -5.626723847895703789e-01
2.313849042099957454e-01 -5.878842050095717947e-02 -5.616028079326452760e-01
2.263888318618960116e-01 -5.859847518719714377e-02 -5.601021345270035257e-01
2.213933934135301485e-01 -5.839254063228181690e-02 -5.594540930272509094e-01
2.163986592235495610e-01 -5.817019242359092179e-02 -5.573980010771981686e-01
2.114047045226699062e-01 -5.793098399439894353e-02 -5.533707071724343063e-01
2.064116111890477445e-01 -5.767444073938125804e-02 -5.526092016860685296e-01
2.014194665666297901e-01 -5.740006507083910553e-02 -5.514585450500211206e-01
1.964283644730612510e-01 -5.710734241826304070e-02 -5.488275638282391622e-01
1.914384066564301379e-01 -5.679573235374860835e-02 -5.474736145923662090e-01
1.864497034102696738e-01 -5.646465777159864752e-02 -5.439094330207852046e-01
1.814623743530963118e-01 -5.611350761688862349e-02 -5.423560665747058085e-01
1.764765477302302488e-01 -5.574164452123027413e-02 -5.412238097889088273e-01
1.714923628663912458e-01 -5.534839652150383427e-02 -5.382920546307643495e-01
1.665099728098297649e-01 -5.493304238394010330e-02 -5.328293291936198051e-01
1.615295433443139916e-01 -5.449481276509103578e-02 -5.261742882021416268e-01
1.565512565462064964e-01 -5.403289766269009364e-02 -5.197975580993183797e-01
1.515753099181803565e-01 -5.354643503904574220e-02 -5.165265932823576156e-01
1.466019215745540116e-01 -5.303449297668248741e-02 -5.129537414271040374e-01
1.416313325174379523e-01 -5.249607170677497020e-02 -5.060968506952551182e-01
1.366638060008872335e-01 -5.193010622054929082e-02 -5.019216521414913146e-01
1.316996350802757954e-01 -5.133544753586448406e-02 -5.001128658433584562e-01
1.267391461752422344e-01 -5.071084300830945579e-02 -4.923481068088343404e-01
1.217827016359290526e-01 -5.005493927262062714e-02 -4.843088779954918266e-01
1.168307061221865450e-01 -4.936627215409643971e-02 -4.745587260638685634e-01
1.118836163952893481e-01 -4.864323417257694626e-02 -4.657667966787902847e-01
1.069419486401919084e-01 -4.788405969814556185e-02 -4.577386015773377559e-01
1.020062849689338802e-01 -4.708681546069735935e-02 -4.501342928308486591e-01
9.707729044217063008e-02 -4.624936273768520678e-02 -4.421495697282811221e-01
9.215572977653042896e-02 -4.536931707990863455e-02 -4.319923877397112144e-01
8.724248327285327731e-02 -4.444402528187205159e-02 -4.210557303795776085e-01
8.233857459915189247e-02 -4.347051126724296721e-02 -4.077651787971626196e-01
7.744520269985348537e-02 -4.244540383278079532e-02 -3.902954691305230983e-01
7.256378622119234734e-02 -4.136487950894114640e-02 -3.745280808251392202e-01
6.769601313309789314e-02 -4.022456150284477866e-02 -3.614943499888156886e-01
6.284391504067579626e-02 -3.901939061421686589e-02 -3.430184687518953446e-01
5.800997003525399515e-02 -3.774348637440039234e-02 -3.215624534528795930e-01
5.319723647226304308e-02 -3.638993348031104025e-02 -2.972699539546364011e-01
4.840954351528117816e-02 -3.495051422778170519e-02 -2.719227580903215147e-01
4.365168915804904654e-02 -3.341532535498299705e-02 -2.383431543463306879e-01
3.893017125463846262e-02 -3.177238499054327314e-02 -2.015632139300972958e-01
3.425339661025383897e-02 -3.000680547414204258e-02 -1.600259791908139051e-01
2.963265773511826115e-02 -2.809980553277516280e-02 -1.116000927758132866e-01
2.508412024467716536e-02 -2.602742975669609243e-02 -5.064403961665200210e-02
2.063117584434931429e-02 -2.375835358451115764e-02 3.444121898072658589e-02
1.630929949685734626e-02 -2.125089063915719390e-02 1.440459944467526177e-01
1.217493020103342476e-02 -1.844887344618333092e-02 2.897392425753371747e-01
8.322494913401382033e-03 -1.527728845880422376e-02 4.726298711957100385e-01
4.916205879558542199e-03 -1.164369243251177355e-02 7.088259125010444306e-01
2.236063079535552996e-03 -7.468769763210249442e-03 9.812540963551137363e-01
6.767344131456778412e-04 -2.788793232918551548e-03 1.184576028239178846e+00
5.727224695837039624e-04 2.127121754555701821e-03 1.207724044169655064e+00
